10
5
Fairview #1
Eitan
Harrison
Sruthi
Sam 
5
Fairview #2
Justus
Vinu
Jackson
Jordan B 
5
Lake City #1
Ryan
Molly
Johnny
Peter
5
Lake City #2
Ian
Jasper
Nheanielle
Kayla
4
Lake City #3
Swoljaboi
Cameron
Gus Naro
5
Las Animas
Luke
Shoshana
Jacob
Isa G 
4
North Park
Ashley
Clay
Francisco 
5
Rye A
Taylor C
Alexa M
Paul S
Nick M
4
Rye B
Lilly
Sarah
Bryna
5
Trinidad High
Dane
Michael
Asia
Kyle
45
1
1
5
365
35
17
1
13
235
2
10
0
0
0
0
0
0
0
1
0
5
0
0
50
0
1
1
1
0
0
25
1
1
2
3
0
0
60
1
1
0
0
0
0
0
2
1
0
1
2
0
0
2
1
0
0
0
0
0
3
1
0
2
0
0
20
3
1
0
0
0
0
0
-1
0
0
0
0
0
0
-1
0
0
0
0
0
0
-1
0
0
0
0
0
0
-1
0
0
0
0
0
0
-1
0
0
0
0
0
0
-1
0
0
0
0
0
0
-1
0
0
0
0
0
0
-1
0
0
0
0
0
0
2
0
6
290
60
20
1
10
200
3
30
0
0
0
0
0
0
0
1
0
1
0
0
10
0
1
0
0
0
0
0
1
1
0
1
1
0
5
1
1
0
1
0
0
10
2
1
0
2
0
0
20
2
1
0
2
0
0
20
3
1
1
5
2
0
55
-1
0
0
0
0
0
0
-1
0
0
0
0
0
0
-1
0
0
0
0
0
0
-1
0
0
0
0
0
0
-1
0
0
0
0
0
0
-1
0
0
0
0
0
0
-1
0
0
0
0
0
0
-1
0
0
0
0
0
0
-1
0
0
0
0
0
0
3
2
8
205
80
21
1
8
130
4
50
0
0
0
0
0
0
0
1
0
1
0
0
10
0
1
0
1
0
0
10
1
1
0
0
0
0
0
1
1
0
1
0
0
10
2
1
0
6
1
0
55
2
1
0
2
2
0
10
3
1
0
1
0
0
10
-1
0
0
0
0
0
0
-1
0
0
0
0
0
0
-1
0
0
0
0
0
0
-1
0
0
0
0
0
0
-1
0
0
0
0
0
0
-1
0
0
0
0
0
0
-1
0
0
0
0
0
0
-1
0
0
0
0
0
0
-1
0
0
0
0
0
0
4
3
7
35
310
18
1
3
5
11
195
0
0
0
0
0
0
0
1
0
0
0
0
0
0
1
0
1
0
0
10
1
1
0
0
0
0
0
1
1
0
1
0
0
10
2
1
0
1
0
0
10
2
1
2
5
1
0
75
3
1
0
2
0
0
20
3
1
0
2
0
0
20
-1
0
0
0
0
0
0
-1
0
0
0
0
0
0
-1
0
0
0
0
0
0
-1
0
0
0
0
0
0
-1
0
0
0
0
0
0
-1
0
0
0
0
0
0
-1
0
0
0
0
0
0
-1
0
0
0
0
0
0
5
4
9
55
120
14
1
3
20
6
60
0
0
0
0
0
0
0
1
0
1
0
0
10
0
1
0
0
0
0
0
1
1
0
1
0
0
10
1
1
0
2
0
0
20
2
1
1
0
0
0
15
2
1
0
1
0
0
10
-1
0
0
0
0
0
0
3
1
0
3
0
0
30
-1
0
0
0
0
0
0
-1
0
0
0
0
0
0
-1
0
0
0
0
0
0
-1
0
0
0
0
0
0
-1
0
0
0
0
0
0
-1
0
0
0
0
0
0
-1
0
0
0
0
0
0
-1
0
0
0
0
0
0
1
0
2
340
60
16
2
11
230
4
30
0
0
0
0
0
0
0
1
1
0
0
0
15
0
1
0
0
0
0
0
1
1
1
2
1
0
30
1
1
0
0
0
0
0
3
1
1
6
1
0
70
2
1
2
2
3
0
35
2
1
0
0
1
0
-5
3
1
0
0
1
0
-5
-1
0
0
0
0
0
0
-1
0
0
0
0
0
0
-1
0
0
0
0
0
0
-1
0
0
0
0
0
0
-1
0
0
0
0
0
0
-1
0
0
0
0
0
0
-1
0
0
0
0
0
0
-1
0
0
0
0
0
0
6
5
3
65
90
20
2
4
30
6
40
0
0
0
0
0
0
0
1
0
4
0
0
40
3
1
0
1
1
0
5
1
1
0
0
0
0
0
1
1
0
1
0
0
10
2
1
0
0
1
0
-5
0
1
0
4
1
0
35
3
1
0
0
0
0
0
2
1
0
0
0
0
0
-1
0
0
0
0
0
0
-1
0
0
0
0
0
0
-1
0
0
0
0
0
0
-1
0
0
0
0
0
0
-1
0
0
0
0
0
0
-1
0
0
0
0
0
0
-1
0
0
0
0
0
0
-1
0
0
0
0
0
0
7
1
6
280
60
15
2
11
165
3
30
0
0
0
0
0
0
0
1
0
0
0
0
0
1
1
0
3
0
0
30
1
1
2
3
1
0
55
0
1
0
0
0
0
0
2
1
0
2
1
0
15
2
1
0
0
0
0
0
3
1
2
2
1
0
45
-1
0
0
0
0
0
0
-1
0
0
0
0
0
0
-1
0
0
0
0
0
0
-1
0
0
0
0
0
0
-1
0
0
0
0
0
0
-1
0
0
0
0
0
0
-1
0
0
0
0
0
0
-1
0
0
0
0
0
0
-1
0
0
0
0
0
0
8
7
9
300
20
14
2
9
220
1
10
0
0
0
0
0
0
2
1
0
4
1
0
35
0
1
0
0
0
0
0
1
1
0
1
1
0
5
1
1
0
0
0
0
0
0
1
0
0
0
0
0
2
1
0
0
0
0
0
3
1
0
4
0
0
40
3
1
0
1
0
0
10
-1
0
0
0
0
0
0
-1
0
0
0
0
0
0
-1
0
0
0
0
0
0
-1
0
0
0
0
0
0
-1
0
0
0
0
0
0
-1
0
0
0
0
0
0
-1
0
0
0
0
0
0
-1
0
0
0
0
0
0
9
8
4
150
55
18
2
6
100
4
20
0
0
0
0
0
0
0
1
0
0
1
0
-5
0
1
0
3
1
0
25
2
1
0
5
1
0
45
1
1
0
1
0
0
10
1
1
0
1
0
0
10
2
1
0
0
0
0
0
-1
0
0
0
0
0
0
-1
0
0
0
0
0
0
-1
0
0
0
0
0
0
-1
0
0
0
0
0
0
-1
0
0
0
0
0
0
-1
0
0
0
0
0
0
-1
0
0
0
0
0
0
-1
0
0
0
0
0
0
-1
0
0
0
0
0
0
-1
0
0
0
0
0
0
10
3
1
80
445
19
3
3
50
13
300
0
0
0
0
0
0
3
1
0
0
1
0
-5
3
1
1
1
0
0
25
2
1
0
0
1
0
-5
2
1
0
0
0
0
0
0
1
2
1
0
0
40
1
1
3
3
2
0
65
1
1
0
0
0
0
0
0
1
1
4
0
0
55
-1
0
0
0
0
0
0
-1
0
0
0
0
0
0
-1
0
0
0
0
0
0
-1
0
0
0
0
0
0
-1
0
0
0
0
0
0
-1
0
0
0
0
0
0
-1
0
0
0
0
0
0
-1
0
0
0
0
0
0
11
4
0
50
365
20
3
2
30
12
240
0
0
0
0
0
0
2
1
0
1
0
0
10
2
1
1
1
0
0
25
1
1
0
0
0
0
0
3
1
2
6
1
0
85
0
1
0
1
0
0
10
1
1
1
0
0
0
15
-1
0
0
0
0
0
0
0
1
0
1
2
0
0
-1
0
0
0
0
0
0
-1
0
0
0
0
0
0
-1
0
0
0
0
0
0
-1
0
0
0
0
0
0
-1
0
0
0
0
0
0
-1
0
0
0
0
0
0
-1
0
0
0
0
0
0
-1
0
0
0
0
0
0
12
5
9
105
100
16
3
5
60
5
50
0
0
0
0
0
0
0
1
1
3
2
0
35
0
1
0
1
0
0
10
1
1
0
0
0
0
0
1
1
0
1
0
0
10
2
1
0
0
0
0
0
2
1
0
2
0
0
20
3
1
0
1
0
0
10
3
1
0
1
0
0
10
-1
0
0
0
0
0
0
-1
0
0
0
0
0
0
-1
0
0
0
0
0
0
-1
0
0
0
0
0
0
-1
0
0
0
0
0
0
-1
0
0
0
0
0
0
-1
0
0
0
0
0
0
-1
0
0
0
0
0
0
13
6
2
30
240
17
3
2
10
10
150
0
0
0
0
0
0
0
1
0
0
0
0
0
0
1
0
2
0
0
20
1
1
0
2
0
0
20
1
1
0
1
0
0
10
2
1
0
0
0
0
0
2
1
1
5
3
0
50
-1
0
0
0
0
0
0
3
1
0
1
0
0
10
-1
0
0
0
0
0
0
-1
0
0
0
0
0
0
-1
0
0
0
0
0
0
-1
0
0
0
0
0
0
-1
0
0
0
0
0
0
-1
0
0
0
0
0
0
-1
0
0
0
0
0
0
-1
0
0
0
0
0
0
14
8
7
110
195
17
3
5
60
7
130
0
0
0
0
0
0
0
1
0
0
0
0
0
3
1
0
3
1
0
25
2
1
0
5
0
0
50
2
1
1
2
1
0
30
1
1
0
0
0
0
0
1
1
0
0
0
0
0
-1
0
0
0
0
0
0
0
1
0
1
0
0
10
-1
0
0
0
0
0
0
-1
0
0
0
0
0
0
-1
0
0
0
0
0
0
-1
0
0
0
0
0
0
-1
0
0
0
0
0
0
-1
0
0
0
0
0
0
-1
0
0
0
0
0
0
-1
0
0
0
0
0
0
15
4
2
70
255
20
4
3
50
21
45
0
0
0
0
0
0
0
1
0
3
2
0
20
0
1
0
0
0
0
0
1
1
0
0
0
0
0
1
1
0
1
0
0
10
2
1
0
0
0
0
0
2
1
1
8
2
0
85
-1
0
0
0
0
0
0
3
1
1
10
0
0
115
-1
0
0
0
0
0
0
-1
0
0
0
0
0
0
-1
0
0
0
0
0
0
-1
0
0
0
0
0
0
-1
0
0
0
0
0
0
-1
0
0
0
0
0
0
-1
0
0
0
0
0
0
-1
0
0
0
0
0
0
16
9
1
45
355
20
4
2
30
12
240
0
0
0
0
0
0
0
1
0
2
1
0
15
0
1
0
4
1
0
35
1
1
0
0
0
0
0
1
1
1
3
1
0
40
2
1
0
0
0
0
0
2
1
2
0
0
0
30
3
1
0
0
0
0
0
3
1
0
2
2
0
10
-1
0
0
0
0
0
0
-1
0
0
0
0
0
0
-1
0
0
0
0
0
0
-1
0
0
0
0
0
0
-1
0
0
0
0
0
0
-1
0
0
0
0
0
0
-1
0
0
0
0
0
0
-1
0
0
0
0
0
0
17
3
9
35
200
17
5
3
25
10
100
0
0
0
0
0
0
0
1
0
0
2
0
-10
0
1
0
2
0
0
20
1
1
0
1
0
0
10
1
1
0
4
0
0
40
2
1
0
2
1
0
15
2
1
0
3
0
0
30
3
1
0
0
1
0
-5
3
1
0
1
0
0
10
-1
0
0
0
0
0
0
-1
0
0
0
0
0
0
-1
0
0
0
0
0
0
-1
0
0
0
0
0
0
-1
0
0
0
0
0
0
-1
0
0
0
0
0
0
-1
0
0
0
0
0
0
-1
0
0
0
0
0
0
18
4
6
70
130
19
5
6
20
8
50
0
0
0
0
0
0
0
1
0
2
1
0
15
0
1
0
0
0
0
0
1
1
0
3
1
0
25
1
1
1
7
0
0
85
2
1
0
1
0
0
10
2
1
0
0
1
0
-5
-1
0
0
0
0
0
0
-1
0
0
0
0
0
0
-1
0
0
0
0
0
0
-1
0
0
0
0
0
0
-1
0
0
0
0
0
0
-1
0
0
0
0
0
0
-1
0
0
0
0
0
0
-1
0
0
0
0
0
0
-1
0
0
0
0
0
0
-1
0
0
0
0
0
0
19
1
8
355
75
19
5
11
250
4
40
0
0
0
0
0
0
0
1
0
2
1
0
15
0
1
0
1
1
0
5
1
1
2
3
0
0
60
2
1
1
2
1
0
30
2
1
0
3
2
0
20
1
1
0
0
0
0
0
3
1
0
1
0
0
10
-1
0
0
0
0
0
0
-1
0
0
0
0
0
0
-1
0
0
0
0
0
0
-1
0
0
0
0
0
0
-1
0
0
0
0
0
0
-1
0
0
0
0
0
0
-1
0
0
0
0
0
0
-1
0
0
0
0
0
0
-1
0
0
0
0
0
0
20
5
0
50
380
15
5
2
30
12
240
0
0
0
0
0
0
0
1
0
2
0
0
20
0
1
0
0
0
0
0
1
1
0
0
0
0
0
1
1
1
3
0
0
45
2
1
0
0
0
0
0
2
1
0
2
0
0
20
3
1
0
0
0
0
0
3
1
3
3
0
0
75
-1
0
0
0
0
0
0
-1
0
0
0
0
0
0
-1
0
0
0
0
0
0
-1
0
0
0
0
0
0
-1
0
0
0
0
0
0
-1
0
0
0
0
0
0
-1
0
0
0
0
0
0
-1
0
0
0
0
0
0
21
7
2
180
125
20
5
9
100
5
90
0
0
0
0
0
0
0
1
0
1
1
0
5
0
1
0
2
0
0
20
1
1
0
3
0
0
30
1
1
0
0
0
0
0
2
1
0
2
1
0
15
2
1
0
3
2
0
20
3
1
1
2
1
0
30
3
1
0
0
1
0
-5
-1
0
0
0
0
0
0
-1
0
0
0
0
0
0
-1
0
0
0
0
0
0
-1
0
0
0
0
0
0
-1
0
0
0
0
0
0
-1
0
0
0
0
0
0
-1
0
0
0
0
0
0
-1
0
0
0
0
0
0
22
4
7
105
235
19
6
6
35
10
130
0
0
0
0
0
0
0
1
1
2
1
0
30
0
1
0
0
0
0
0
1
1
1
0
0
0
15
1
1
1
0
1
0
10
2
1
1
1
0
0
25
2
1
1
2
1
0
30
-1
0
0
0
0
0
0
3
1
2
4
1
0
65
-1
0
0
0
0
0
0
-1
0
0
0
0
0
0
-1
0
0
0
0
0
0
-1
0
0
0
0
0
0
-1
0
0
0
0
0
0
-1
0
0
0
0
0
0
-1
0
0
0
0
0
0
-1
0
0
0
0
0
0
23
8
3
230
60
20
6
11
120
3
30
0
0
0
0
0
0
0
1
1
1
1
0
20
0
1
0
0
0
0
0
2
1
1
5
0
0
65
1
1
0
2
0
0
20
1
1
0
3
1
0
25
2
1
0
1
0
0
10
-1
0
0
0
0
0
0
3
1
0
0
0
0
0
-1
0
0
0
0
0
0
-1
0
0
0
0
0
0
-1
0
0
0
0
0
0
-1
0
0
0
0
0
0
-1
0
0
0
0
0
0
-1
0
0
0
0
0
0
-1
0
0
0
0
0
0
-1
0
0
0
0
0
0
24
5
2
90
250
18
6
4
35
11
130
0
0
0
0
0
0
0
1
3
1
0
0
55
0
1
1
1
0
0
25
1
1
0
0
0
0
0
1
1
0
1
0
0
10
2
1
0
0
0
0
0
2
1
2
5
1
0
75
3
1
0
0
0
0
0
3
1
0
1
0
0
10
-1
0
0
0
0
0
0
-1
0
0
0
0
0
0
-1
0
0
0
0
0
0
-1
0
0
0
0
0
0
-1
0
0
0
0
0
0
-1
0
0
0
0
0
0
-1
0
0
0
0
0
0
-1
0
0
0
0
0
0
25
1
0
300
225
16
6
8
200
6
160
0
0
0
0
0
0
0
1
1
0
0
0
15
0
1
0
0
0
0
0
1
1
1
3
0
0
45
1
1
0
0
0
0
0
2
1
0
1
0
0
10
2
1
1
0
0
0
15
3
1
2
0
0
0
30
3
1
2
3
2
0
50
-1
0
0
0
0
0
0
-1
0
0
0
0
0
0
-1
0
0
0
0
0
0
-1
0
0
0
0
0
0
-1
0
0
0
0
0
0
-1
0
0
0
0
0
0
-1
0
0
0
0
0
0
-1
0
0
0
0
0
0
26
9
6
40
165
20
6
2
20
10
70
0
0
0
0
0
0
0
1
0
1
0
0
10
0
1
0
0
0
0
0
1
1
0
0
0
0
0
1
1
1
8
1
0
90
2
1
0
1
0
0
10
2
1
0
1
1
0
5
3
1
0
0
0
0
0
-1
0
0
0
0
0
0
-1
0
0
0
0
0
0
-1
0
0
0
0
0
0
-1
0
0
0
0
0
0
-1
0
0
0
0
0
0
-1
0
0
0
0
0
0
-1
0
0
0
0
0
0
-1
0
0
0
0
0
0
-1
0
0
0
0
0
0
27
8
9
185
45
21
7
9
100
3
20
0
0
0
0
0
0
1
1
1
2
0
0
35
0
1
0
1
0
0
10
2
1
0
6
2
0
50
1
1
0
0
0
0
0
0
1
0
0
0
0
0
2
1
0
2
1
0
15
-1
0
0
0
0
0
0
3
1
0
0
0
0
0
-1
0
0
0
0
0
0
-1
0
0
0
0
0
0
-1
0
0
0
0
0
0
-1
0
0
0
0
0
0
-1
0
0
0
0
0
0
-1
0
0
0
0
0
0
-1
0
0
0
0
0
0
-1
0
0
0
0
0
0
28
5
4
135
40
19
7
7
70
4
10
0
0
0
0
0
0
0
1
0
6
1
0
55
0
1
0
2
0
0
20
1
1
0
0
0
0
0
1
1
0
2
2
0
10
2
1
0
1
0
0
10
2
1
0
0
0
0
0
3
1
0
0
0
0
0
-1
0
0
0
0
0
0
-1
0
0
0
0
0
0
-1
0
0
0
0
0
0
-1
0
0
0
0
0
0
-1
0
0
0
0
0
0
-1
0
0
0
0
0
0
-1
0
0
0
0
0
0
-1
0
0
0
0
0
0
-1
0
0
0
0
0
0
29
0
3
170
10
17
7
10
70
1
0
0
0
0
0
0
0
0
1
1
0
1
0
10
0
1
0
0
0
0
0
1
1
0
0
0
0
0
1
1
0
0
0
0
0
2
1
0
0
0
0
0
2
1
0
1
0
0
10
3
1
1
8
1
0
90
3
1
0
0
0
0
0
-1
0
0
0
0
0
0
-1
0
0
0
0
0
0
-1
0
0
0
0
0
0
-1
0
0
0
0
0
0
-1
0
0
0
0
0
0
-1
0
0
0
0
0
0
-1
0
0
0
0
0
0
-1
0
0
0
0
0
0
30
7
6
55
130
17
7
3
50
8
50
0
0
0
0
0
0
0
1
0
0
2
0
-10
0
1
0
1
0
0
10
1
1
0
0
0
0
0
1
1
0
4
0
0
40
2
1
0
3
2
0
20
2
1
0
3
0
0
30
3
1
0
0
1
0
-5
-1
0
0
0
0
0
0
-1
0
0
0
0
0
0
-1
0
0
0
0
0
0
-1
0
0
0
0
0
0
-1
0
0
0
0
0
0
-1
0
0
0
0
0
0
-1
0
0
0
0
0
0
-1
0
0
0
0
0
0
-1
0
0
0
0
0
0
31
1
2
320
70
19
7
11
210
4
35
0
0
0
0
0
0
0
1
0
1
0
0
10
0
1
0
0
0
0
0
1
1
3
4
1
0
80
1
1
0
0
0
0
0
2
1
0
0
0
0
0
2
1
1
2
1
0
30
3
1
0
3
2
0
20
3
1
0
1
1
0
5
-1
0
0
0
0
0
0
-1
0
0
0
0
0
0
-1
0
0
0
0
0
0
-1
0
0
0
0
0
0
-1
0
0
0
0
0
0
-1
0
0
0
0
0
0
-1
0
0
0
0
0
0
-1
0
0
0
0
0
0
32
7
5
315
45
17
8
13
185
2
30
0
0
0
0
0
0
0
1
0
1
0
0
10
0
1
0
0
0
0
0
1
1
1
3
1
0
40
1
1
0
0
0
0
0
2
1
0
6
1
0
55
2
1
0
0
1
0
-5
3
1
1
1
0
0
25
3
1
0
2
0
0
20
-1
0
0
0
0
0
0
-1
0
0
0
0
0
0
-1
0
0
0
0
0
0
-1
0
0
0
0
0
0
-1
0
0
0
0
0
0
-1
0
0
0
0
0
0
-1
0
0
0
0
0
0
-1
0
0
0
0
0
0
33
0
9
190
160
19
8
8
120
6
100
0
0
0
0
0
0
0
1
0
0
0
0
0
0
1
0
1
0
0
10
1
1
0
0
0
0
0
1
1
1
1
0
0
25
2
1
0
1
0
0
10
2
1
0
0
0
0
0
3
1
1
6
3
0
60
3
1
0
3
1
0
25
-1
0
0
0
0
0
0
-1
0
0
0
0
0
0
-1
0
0
0
0
0
0
-1
0
0
0
0
0
0
-1
0
0
0
0
0
0
-1
0
0
0
0
0
0
-1
0
0
0
0
0
0
-1
0
0
0
0
0
0
34
6
8
105
115
18
8
4
60
5
70
0
0
0
0
0
0
0
1
0
0
0
0
0
0
1
0
0
0
0
0
1
1
1
3
0
0
45
1
1
0
1
1
0
5
2
1
0
0
0
0
0
2
1
0
4
0
0
40
-1
0
0
0
0
0
0
-1
0
0
0
0
0
0
-1
0
0
0
0
0
0
-1
0
0
0
0
0
0
-1
0
0
0
0
0
0
-1
0
0
0
0
0
0
-1
0
0
0
0
0
0
-1
0
0
0
0
0
0
-1
0
0
0
0
0
0
-1
0
0
0
0
0
0
35
3
2
100
200
17
8
5
50
9
110
0
0
0
0
0
0
0
1
0
3
0
0
30
0
1
0
2
0
0
20
1
1
0
0
0
0
0
1
1
0
0
0
0
0
2
1
0
1
0
0
10
2
1
2
4
2
0
60
3
1
0
1
0
0
10
3
1
0
1
0
0
10
-1
0
0
0
0
0
0
-1
0
0
0
0
0
0
-1
0
0
0
0
0
0
-1
0
0
0
0
0
0
-1
0
0
0
0
0
0
-1
0
0
0
0
0
0
-1
0
0
0
0
0
0
-1
0
0
0
0
0
0
36
4
1
45
390
19
8
4
10
12
260
0
0
0
0
0
0
0
1
0
3
1
0
25
3
1
3
0
0
0
45
1
1
0
1
0
0
10
1
1
0
5
1
0
45
2
1
0
0
0
0
0
2
1
0
1
0
0
10
-1
0
0
0
0
0
0
0
1
1
2
1
0
30
-1
0
0
0
0
0
0
-1
0
0
0
0
0
0
-1
0
0
0
0
0
0
-1
0
0
0
0
0
0
-1
0
0
0
0
0
0
-1
0
0
0
0
0
0
-1
0
0
0
0
0
0
-1
0
0
0
0
0
0
37
2
9
100
110
16
9
5
60
3
80
0
0
0
0
0
0
0
1
0
2
0
0
20
0
1
0
0
0
0
0
1
1
0
1
0
0
10
1
1
0
3
0
0
30
2
1
1
1
2
0
15
2
1
0
0
0
0
0
3
1
0
0
1
0
-5
3
1
0
0
0
0
0
-1
0
0
0
0
0
0
-1
0
0
0
0
0
0
-1
0
0
0
0
0
0
-1
0
0
0
0
0
0
-1
0
0
0
0
0
0
-1
0
0
0
0
0
0
-1
0
0
0
0
0
0
-1
0
0
0
0
0
0
38
4
3
70
60
19
9
5
20
4
20
0
0
0
0
0
0
0
1
0
4
0
0
40
0
1
0
1
0
0
10
1
1
0
0
0
0
0
1
1
0
2
0
0
20
2
1
0
1
0
0
10
2
1
0
1
0
0
10
-1
0
0
0
0
0
0
3
1
0
0
0
0
0
-1
0
0
0
0
0
0
-1
0
0
0
0
0
0
-1
0
0
0
0
0
0
-1
0
0
0
0
0
0
-1
0
0
0
0
0
0
-1
0
0
0
0
0
0
-1
0
0
0
0
0
0
-1
0
0
0
0
0
0
39
6
5
145
100
16
9
8
60
4
60
0
0
0
0
0
0
0
1
1
1
0
0
25
0
1
0
4
0
0
40
1
1
0
4
0
0
40
1
1
0
0
0
0
0
2
1
0
2
0
0
20
2
1
0
0
0
0
0
-1
0
0
0
0
0
0
3
1
0
0
0
0
0
-1
0
0
0
0
0
0
-1
0
0
0
0
0
0
-1
0
0
0
0
0
0
-1
0
0
0
0
0
0
-1
0
0
0
0
0
0
-1
0
0
0
0
0
0
-1
0
0
0
0
0
0
-1
0
0
0
0
0
0
40
1
7
315
125
18
9
11
190
5
80
0
0
0
0
0
0
0
1
1
0
0
0
15
0
1
0
0
0
0
0
1
1
3
3
1
0
70
1
1
0
1
0
0
10
2
1
0
0
0
0
0
2
1
0
4
1
0
35
3
1
1
3
1
0
40
3
1
0
0
0
0
0
-1
0
0
0
0
0
0
-1
0
0
0
0
0
0
-1
0
0
0
0
0
0
-1
0
0
0
0
0
0
-1
0
0
0
0
0
0
-1
0
0
0
0
0
0
-1
0
0
0
0
0
0
-1
0
0
0
0
0
0
41
0
8
350
25
19
9
13
210
2
10
0
0
0
0
0
0
0
1
0
1
0
0
10
0
1
0
0
0
0
0
1
1
0
0
0
0
0
1
1
0
0
0
0
0
2
1
1
1
0
0
25
2
1
0
2
1
0
15
3
1
2
8
1
0
105
-1
0
0
0
0
0
0
-1
0
0
0
0
0
0
-1
0
0
0
0
0
0
-1
0
0
0
0
0
0
-1
0
0
0
0
0
0
-1
0
0
0
0
0
0
-1
0
0
0
0
0
0
-1
0
0
0
0
0
0
-1
0
0
0
0
0
0
42
0
7
285
110
15
4
10
180
5
60
0
0
0
0
0
0
0
1
1
0
1
0
10
0
1
0
0
0
0
0
1
1
1
2
0
0
35
1
1
0
0
1
0
-5
2
1
0
0
0
0
0
2
1
2
1
2
0
30
3
1
1
5
1
0
60
3
1
1
1
0
0
25
-1
0
0
0
0
0
0
-1
0
0
0
0
0
0
-1
0
0
0
0
0
0
-1
0
0
0
0
0
0
-1
0
0
0
0
0
0
-1
0
0
0
0
0
0
-1
0
0
0
0
0
0
-1
0
0
0
0
0
0
43
3
6
55
240
17
4
3
30
10
140
0
0
0
0
0
0
0
1
0
3
1
0
25
0
1
0
1
0
0
10
1
1
0
0
0
0
0
1
1
0
6
0
0
60
2
1
0
0
0
0
0
2
1
1
2
1
0
30
3
1
0
0
0
0
0
-1
0
0
0
0
0
0
-1
0
0
0
0
0
0
-1
0
0
0
0
0
0
-1
0
0
0
0
0
0
-1
0
0
0
0
0
0
-1
0
0
0
0
0
0
-1
0
0
0
0
0
0
-1
0
0
0
0
0
0
-1
0
0
0
0
0
0
44
5
8
120
150
12
4
5
70
4
110
0
0
0
0
0
0
0
1
0
5
0
0
50
0
1
0
2
0
0
20
1
1
0
0
0
0
0
1
1
0
1
0
0
10
2
1
0
0
0
0
0
2
1
0
1
0
0
10
3
1
0
0
0
0
0
-1
0
0
0
0
0
0
-1
0
0
0
0
0
0
-1
0
0
0
0
0
0
-1
0
0
0
0
0
0
-1
0
0
0
0
0
0
-1
0
0
0
0
0
0
-1
0
0
0
0
0
0
-1
0
0
0
0
0
0
-1
0
0
0
0
0
0
1
1
3
0
1
2
254
0
1
1
1
1
1
1
0
0
1





1
_rounds.html
_standings.html
_individuals.html
_games.html
_teamdetail.html
_playerdetail.html
_statkey.html

0
10
-1
-1
-1
-1
-1
-1
-1
-1
-1
-1
15
10
-5
0
0
10
0
0
0
0
0
0
0
0
0
0
