17
8
Jefferson Academy B (SS) (Ineligible)
Cinea Jenkins
Cian Colgan
Grant Capan
Jacob Genkins
David Henderson
Brendan Lynch (Ineligible)
Alex Kolodzik (Ineligible)
4
Ridgeview A (SS)
Tyler Dunaisky
Logan Howester
Elijah Jonas
5
Grand Junction B
Noah Schmidt
Kordale Bavor
Matt Chambers
Anij Magill
5
Fort Morgan
Levi Morrison
Jay Armstrong
Angelica DelCampo
Adrianna Miller
4
Fairview
Jordan Buchman
Quinton Dombrowski
Annika Dombrowski
6
Weld Central A
Tasha Colvin
Wyatt Halley
Nathan Sharp
Colleona Schmer
Alex Oviatt
7
Elizabeth
Brianna McCague
Elizabeth Vossler
Brittany McCague
Emmalee Stutz
Seth Beebe
TJ Wolsey
10
Jefferson Academy A (SS) (Ineligible)
Blake Grantham
Erik Thygesen
Dylan Johnson
Trever Ballard
Brendan Lynch
Ryan (Ineligible)
Cinea Jenkins (Ineligible)
Adam (Ineligible)
Girma (Ineligible)
4
North Park (SS)
Hannah Dilley
Clay Schuler
Ashley Johnson
5
Rock Canyon
Aubrey Stevens
Maya Balan
Anila Narayana
Jacob Carlson
3
Ridgeview B (SS)
Sarah Budai
Colin Tweedy
7
Weld Central B
Joshua Henry
Cora Calvin
Reese Clark
Dalton David
Thomas Sigler
Alex Poole
6
Boulder
Louis Jaeckle
Annika Ekrem
Gusty Helson
John Harrington
Teddy Schoenfeld
5
Grand Junction A
Ryan Ferguson
Ben Potter
Sean Ridgway
Sean Palmer
5
Gran Junction C
Mira Mercier
RD Clare
Chance Eden
Amanda Gordon
5
Omaha North (Nebraska)
Derek Chew
Darrel Chew
Kaitlyn Andressen
Catherine Mittlieder
5
Jefferson Academy C (SS)
Katie Valencia
Joy Babbitt
Samantha Holland
Alex Kolodzik
71
0
14
15
110
410
18
1
4
80
14
260
0
0
0
0
0
0
0
1
1
0
0
0
15
0
1
2
9
0
0
120
1
1
0
3
1
0
25
1
1
0
1
0
0
10
2
1
0
0
0
0
0
2
1
0
0
0
0
0
3
1
0
0
2
0
-10
3
1
1
1
1
0
20
-1
0
0
0
0
0
0
-1
0
0
0
0
0
0
-1
0
0
0
0
0
0
-1
0
0
0
0
0
0
-1
0
0
0
0
0
0
-1
0
0
0
0
0
0
-1
0
0
0
0
0
0
-1
0
0
0
0
0
0
1
12
13
175
355
18
1
6
115
10
255
0
0
0
0
0
0
0
1
0
2
0
0
20
0
1
0
1
2
0
0
1
1
0
0
1
0
-5
1
1
2
2
1
0
45
2
1
1
2
1
0
30
2
1
2
2
0
0
50
3
1
1
0
0
0
15
3
1
0
1
1
0
5
-1
0
0
0
0
0
0
-1
0
0
0
0
0
0
-1
0
0
0
0
0
0
-1
0
0
0
0
0
0
-1
0
0
0
0
0
0
-1
0
0
0
0
0
0
-1
0
0
0
0
0
0
-1
0
0
0
0
0
0
2
10
11
315
85
22
1
12
190
4
60
0
0
0
0
0
0
0
1
0
0
0
0
0
0
1
0
0
1
0
-5
1
1
2
10
1
0
125
1
1
0
0
2
0
-10
-1
0
0
0
0
0
0
2
0.545455
0
0
0
0
0
-1
0
0
0
0
0
0
3
1
1
3
0
0
45
-1
0
0
0
0
0
0
4
0.454545
0
0
1
0
-5
-1
0
0
0
0
0
0
-1
0
0
0
0
0
0
-1
0
0
0
0
0
0
-1
0
0
0
0
0
0
-1
0
0
0
0
0
0
-1
0
0
0
0
0
0
3
8
9
100
240
18
1
5
50
8
150
0
0
0
0
0
0
0
1
0
0
0
0
0
0
1
0
1
0
0
10
1
1
1
4
1
0
50
1
1
0
1
0
0
10
2
1
0
0
0
0
0
2
1
2
4
0
0
70
-1
0
0
0
0
0
0
3
1
0
0
0
0
0
-1
0
0
0
0
0
0
-1
0
0
0
0
0
0
-1
0
0
0
0
0
0
-1
0
0
0
0
0
0
-1
0
0
0
0
0
0
-1
0
0
0
0
0
0
-1
0
0
0
0
0
0
-1
0
0
0
0
0
0
4
6
7
145
195
20
1
8
80
10
100
0
0
0
0
0
0
0
0.5
0
2
0
0
20
0
1
0
2
0
0
20
1
1
1
2
2
0
25
1
1
0
4
1
0
35
2
0.5
1
0
1
0
10
2
1
0
2
0
0
20
3
1
0
1
0
0
10
3
1
0
2
0
0
20
4
1
0
1
2
0
0
-1
0
0
0
0
0
0
-1
0
0
0
0
0
0
-1
0
0
0
0
0
0
-1
0
0
0
0
0
0
-1
0
0
0
0
0
0
-1
0
0
0
0
0
0
-1
0
0
0
0
0
0
5
4
5
420
-5
24
1
14
260
0
0
0
0
0
0
0
0
0
1
3
4
0
0
85
0
1
0
0
0
0
0
1
1
1
2
1
0
30
1
1
0
0
1
0
-5
2
1
2
2
1
0
45
2
1
0
0
0
0
0
-1
0
0
0
0
0
0
3
1
0
0
0
0
0
-1
0
0
0
0
0
0
4
0
0
0
0
0
0
-1
0
0
0
0
0
0
-1
0
0
0
0
0
0
-1
0
0
0
0
0
0
-1
0
0
0
0
0
0
-1
0
0
0
0
0
0
-1
0
0
0
0
0
0
6
2
3
110
140
14
1
5
50
5
80
0
0
0
0
0
0
0
1
0
1
0
0
10
0
1
2
0
1
0
25
1
1
0
0
0
0
0
1
1
2
1
0
0
40
2
1
1
2
0
0
35
2
1
0
0
1
0
-5
3
1
1
0
0
0
15
3
1
0
0
0
0
0
-1
0
0
0
0
0
0
-1
0
0
0
0
0
0
-1
0
0
0
0
0
0
-1
0
0
0
0
0
0
-1
0
0
0
0
0
0
-1
0
0
0
0
0
0
-1
0
0
0
0
0
0
-1
0
0
0
0
0
0
7
0
1
205
125
16
1
8
120
6
70
0
0
0
0
0
0
0
0.5
0
0
0
0
0
0
1
0
0
1
0
-5
1
1
1
2
0
0
35
1
1
1
0
2
0
5
2
1
0
2
0
0
20
2
1
1
4
0
0
55
3
1
0
3
0
0
30
-1
0
0
0
0
0
0
4
0.5
0
0
0
0
0
-1
0
0
0
0
0
0
-1
0
0
0
0
0
0
-1
0
0
0
0
0
0
-1
0
0
0
0
0
0
-1
0
0
0
0
0
0
-1
0
0
0
0
0
0
-1
0
0
0
0
0
0
8
7
10
95
300
21
2
5
50
13
150
0
0
0
0
0
0
0
1
0
0
0
0
0
0
1
0
0
0
0
0
1
1
0
2
1
0
15
1
1
4
9
0
0
150
2
1
0
1
0
0
10
-1
0
0
0
0
0
0
3
1
0
2
0
0
20
-1
0
0
0
0
0
0
-1
0
0
0
0
0
0
-1
0
0
0
0
0
0
-1
0
0
0
0
0
0
-1
0
0
0
0
0
0
-1
0
0
0
0
0
0
-1
0
0
0
0
0
0
-1
0
0
0
0
0
0
-1
0
0
0
0
0
0
9
6
14
160
195
24
2
5
100
12
80
0
0
0
0
0
0
0
0.5
0
1
0
0
10
0
1
1
1
0
0
25
1
1
0
1
0
0
10
1
1
3
5
4
0
75
2
1
1
1
0
0
25
2
1
0
1
1
0
5
3
1
0
0
0
0
0
3
1
0
1
0
0
10
4
0.5
1
0
0
0
15
-1
0
0
0
0
0
0
-1
0
0
0
0
0
0
-1
0
0
0
0
0
0
-1
0
0
0
0
0
0
-1
0
0
0
0
0
0
-1
0
0
0
0
0
0
-1
0
0
0
0
0
0
10
11
15
115
370
19
2
5
70
13
220
0
0
0
0
0
0
0
0
0
0
0
0
0
0
1
4
4
2
0
90
1
1
0
1
0
0
10
1
1
0
2
0
0
20
2
0.473684
1
0
0
0
15
2
1
1
1
0
0
25
3
1
0
1
2
0
0
3
1
1
0
0
0
15
4
1
1
0
1
0
10
-1
0
0
0
0
0
0
5
0.526316
0
1
0
0
10
-1
0
0
0
0
0
0
-1
0
0
0
0
0
0
-1
0
0
0
0
0
0
-1
0
0
0
0
0
0
-1
0
0
0
0
0
0
11
9
12
60
215
15
2
3
30
10
100
0
0
0
0
0
0
0
1
0
0
0
0
0
0
1
1
2
0
0
35
1
1
0
1
0
0
10
1
1
0
0
0
0
0
2
1
0
2
0
0
20
2
1
2
3
0
0
60
3
1
0
0
0
0
0
3
1
1
1
1
0
20
-1
0
0
0
0
0
0
-1
0
0
0
0
0
0
-1
0
0
0
0
0
0
-1
0
0
0
0
0
0
-1
0
0
0
0
0
0
-1
0
0
0
0
0
0
-1
0
0
0
0
0
0
-1
0
0
0
0
0
0
12
16
8
30
150
20
2
2
10
9
50
0
0
0
0
0
0
0
1
0
0
0
0
0
0
1
0
0
0
0
0
1
1
0
1
0
0
10
1
1
3
4
1
0
80
2
1
0
0
0
0
0
2
1
0
2
0
0
20
3
1
0
1
0
0
10
-1
0
0
0
0
0
0
-1
0
0
0
0
0
0
-1
0
0
0
0
0
0
-1
0
0
0
0
0
0
-1
0
0
0
0
0
0
-1
0
0
0
0
0
0
-1
0
0
0
0
0
0
-1
0
0
0
0
0
0
-1
0
0
0
0
0
0
13
4
3
100
230
14
2
3
60
8
140
0
0
0
0
0
0
0
1
2
1
0
0
40
0
1
1
2
1
0
30
1
1
0
0
0
0
0
1
1
2
2
1
0
45
2
1
0
0
0
0
0
2
1
0
0
0
0
0
-1
0
0
0
0
0
0
3
1
1
0
0
0
15
-1
0
0
0
0
0
0
-1
0
0
0
0
0
0
-1
0
0
0
0
0
0
-1
0
0
0
0
0
0
-1
0
0
0
0
0
0
-1
0
0
0
0
0
0
-1
0
0
0
0
0
0
-1
0
0
0
0
0
0
14
5
1
85
150
16
2
4
40
8
70
0
0
0
0
0
0
0
0.5625
0
0
0
0
0
0
1
1
2
2
0
25
1
1
1
1
0
0
25
1
1
0
0
1
0
-5
2
0.4375
0
0
0
0
0
2
1
2
3
0
0
60
3
1
0
1
0
0
10
-1
0
0
0
0
0
0
4
1
0
1
0
0
10
-1
0
0
0
0
0
0
-1
0
0
0
0
0
0
-1
0
0
0
0
0
0
-1
0
0
0
0
0
0
-1
0
0
0
0
0
0
-1
0
0
0
0
0
0
-1
0
0
0
0
0
0
15
2
0
280
160
20
2
10
155
7
90
0
0
0
0
0
0
0
1
2
1
0
0
40
0
0
0
0
0
0
0
1
1
0
0
1
0
-5
1
1
0
5
0
0
50
2
1
1
2
0
0
35
2
1
0
2
0
0
20
3
1
4
0
1
0
55
3
1
0
0
0
0
0
-1
0
0
0
0
0
0
4
1
0
0
0
0
0
-1
0
0
0
0
0
0
-1
0
0
0
0
0
0
-1
0
0
0
0
0
0
-1
0
0
0
0
0
0
-1
0
0
0
0
0
0
-1
0
0
0
0
0
0
16
16
12
115
55
14
3
5
60
4
50
0
0
0
0
0
0
0
1
0
0
0
0
0
0
1
0
1
3
0
-5
1
1
0
0
0
0
0
1
1
0
0
0
0
0
2
1
0
4
0
0
40
2
1
0
1
2
0
0
3
1
1
0
0
0
15
3
1
0
2
2
0
10
-1
0
0
0
0
0
0
-1
0
0
0
0
0
0
-1
0
0
0
0
0
0
-1
0
0
0
0
0
0
-1
0
0
0
0
0
0
-1
0
0
0
0
0
0
-1
0
0
0
0
0
0
-1
0
0
0
0
0
0
17
2
4
205
235
19
3
8
130
8
155
0
0
0
0
0
0
0
1
1
1
0
0
25
0
1
2
3
0
0
60
1
1
0
1
2
0
0
1
1
0
1
0
0
10
2
1
0
4
0
0
40
2
1
0
2
2
0
10
3
1
1
0
1
0
10
-1
0
0
0
0
0
0
-1
0
0
0
0
0
0
-1
0
0
0
0
0
0
-1
0
0
0
0
0
0
-1
0
0
0
0
0
0
-1
0
0
0
0
0
0
-1
0
0
0
0
0
0
-1
0
0
0
0
0
0
-1
0
0
0
0
0
0
18
5
0
10
215
14
3
1
0
8
140
0
0
0
0
0
0
0
0.5
0
0
0
0
0
0
0
0
0
0
0
0
1
1
0
0
0
0
0
1
1
0
4
1
0
35
2
0.5
0
0
0
0
0
2
1
1
0
1
0
10
3
1
0
0
0
0
0
3
1
0
2
0
0
20
4
1
0
1
0
0
10
4
1
0
1
0
0
10
-1
0
0
0
0
0
0
-1
0
0
0
0
0
0
-1
0
0
0
0
0
0
-1
0
0
0
0
0
0
-1
0
0
0
0
0
0
-1
0
0
0
0
0
0
19
3
1
180
335
20
3
7
115
10
220
0
0
0
0
0
0
0
1
0
4
0
0
40
0
1
0
1
0
0
10
1
1
0
1
3
0
-5
1
1
1
4
0
0
55
2
1
0
0
0
0
0
2
1
2
2
0
0
50
3
1
2
0
0
0
30
-1
0
0
0
0
0
0
-1
0
0
0
0
0
0
-1
0
0
0
0
0
0
-1
0
0
0
0
0
0
-1
0
0
0
0
0
0
-1
0
0
0
0
0
0
-1
0
0
0
0
0
0
-1
0
0
0
0
0
0
-1
0
0
0
0
0
0
20
9
13
45
525
19
3
2
30
15
360
0
0
0
0
0
0
0
1
0
0
0
0
0
0
1
3
4
1
0
80
1
1
0
1
0
0
10
1
1
2
2
2
0
40
2
1
0
1
1
0
5
2
1
1
3
0
0
45
3
1
0
0
0
0
0
3
1
0
0
0
0
0
-1
0
0
0
0
0
0
-1
0
0
0
0
0
0
-1
0
0
0
0
0
0
-1
0
0
0
0
0
0
-1
0
0
0
0
0
0
-1
0
0
0
0
0
0
-1
0
0
0
0
0
0
-1
0
0
0
0
0
0
21
11
14
200
110
23
3
10
110
6
60
0
0
0
0
0
0
0
1
0
2
1
0
15
0
1
0
0
1
0
-5
1
1
1
3
0
0
45
1
1
3
2
5
0
40
2
1
0
0
2
0
-10
2
1
1
0
0
0
15
3
0.565217
0
1
0
0
10
3
1
0
0
0
0
0
4
0
0
0
0
0
0
-1
0
0
0
0
0
0
5
0.434783
1
2
1
0
30
-1
0
0
0
0
0
0
-1
0
0
0
0
0
0
-1
0
0
0
0
0
0
-1
0
0
0
0
0
0
-1
0
0
0
0
0
0
22
7
15
20
695
24
3
1
20
20
470
0
0
0
0
0
0
0
1
0
0
0
0
0
0
1
4
11
0
0
170
1
1
0
1
1
0
5
1
1
0
1
0
0
10
2
1
0
0
1
0
-5
2
1
1
0
0
0
15
3
1
0
0
0
0
0
3
1
0
3
0
0
30
-1
0
0
0
0
0
0
-1
0
0
0
0
0
0
-1
0
0
0
0
0
0
-1
0
0
0
0
0
0
-1
0
0
0
0
0
0
-1
0
0
0
0
0
0
-1
0
0
0
0
0
0
-1
0
0
0
0
0
0
23
6
10
230
115
21
3
9
140
6
70
0
0
0
0
0
0
0
1
0
2
0
0
20
0
1
0
0
0
0
0
1
1
0
1
1
0
5
1
1
2
4
5
0
45
2
1
0
2
0
0
20
-1
0
0
0
0
0
0
3
0
0
0
0
0
0
-1
0
0
0
0
0
0
4
1
1
3
0
0
45
-1
0
0
0
0
0
0
-1
0
0
0
0
0
0
-1
0
0
0
0
0
0
-1
0
0
0
0
0
0
-1
0
0
0
0
0
0
-1
0
0
0
0
0
0
-1
0
0
0
0
0
0
24
16
13
20
595
20
4
1
10
17
390
0
0
0
0
0
0
0
1
0
0
0
0
0
0
1
4
0
1
0
55
1
1
0
0
0
0
0
1
1
4
5
1
0
105
2
1
0
1
0
0
10
2
1
1
1
0
0
25
3
1
0
0
0
0
0
3
1
0
2
0
0
20
-1
0
0
0
0
0
0
-1
0
0
0
0
0
0
-1
0
0
0
0
0
0
-1
0
0
0
0
0
0
-1
0
0
0
0
0
0
-1
0
0
0
0
0
0
-1
0
0
0
0
0
0
-1
0
0
0
0
0
0
25
0
3
185
165
20
4
7
90
8
80
1
2
0
0
0
0
0
0
0
0
0
0
0
0
1
3
2
2
0
55
1
1
1
0
0
0
15
1
1
0
1
0
0
10
2
1
0
3
0
0
30
2
1
0
1
1
0
5
3
1
1
3
0
0
45
3
1
1
0
0
0
15
4
1
0
1
1
0
5
-1
0
0
0
0
0
0
-1
0
0
0
0
0
0
-1
0
0
0
0
0
0
-1
0
0
0
0
0
0
-1
0
0
0
0
0
0
-1
0
0
0
0
0
0
-1
0
0
0
0
0
0
26
2
5
405
-10
23
4
15
235
0
0
0
0
0
0
0
0
0
1
1
0
0
0
15
0
0.478261
0
0
0
0
0
1
1
1
2
2
0
25
1
1
0
0
1
0
-5
2
1
2
4
1
0
65
2
1
0
0
0
0
0
3
1
4
1
1
0
65
3
1
0
0
0
0
0
-1
0
0
0
0
0
0
4
0.521739
0
0
1
0
-5
-1
0
0
0
0
0
0
-1
0
0
0
0
0
0
-1
0
0
0
0
0
0
-1
0
0
0
0
0
0
-1
0
0
0
0
0
0
-1
0
0
0
0
0
0
27
4
1
310
150
19
4
11
180
5
90
0
0
0
0
0
0
0
1
3
4
0
0
85
0
1
0
1
0
0
10
1
1
0
3
0
0
30
1
1
0
1
0
0
10
2
1
1
0
0
0
15
2
1
3
0
1
0
40
-1
0
0
0
0
0
0
-1
0
0
0
0
0
0
-1
0
0
0
0
0
0
-1
0
0
0
0
0
0
-1
0
0
0
0
0
0
-1
0
0
0
0
0
0
-1
0
0
0
0
0
0
-1
0
0
0
0
0
0
-1
0
0
0
0
0
0
-1
0
0
0
0
0
0
28
8
12
40
290
18
4
2
20
13
140
0
0
0
0
0
0
0
1
0
1
0
0
10
0
1
1
0
0
0
15
1
1
0
1
0
0
10
1
1
0
2
0
0
20
2
1
0
0
0
0
0
2
1
2
3
0
0
60
-1
0
0
0
0
0
0
3
1
1
4
0
0
55
-1
0
0
0
0
0
0
-1
0
0
0
0
0
0
-1
0
0
0
0
0
0
-1
0
0
0
0
0
0
-1
0
0
0
0
0
0
-1
0
0
0
0
0
0
-1
0
0
0
0
0
0
-1
0
0
0
0
0
0
29
15
10
485
165
23
4
15
320
6
100
0
0
0
0
0
0
0
1
5
10
1
0
170
0
1
0
0
0
0
0
1
1
0
0
0
0
0
1
1
3
3
2
0
65
2
1
0
0
0
0
0
-1
0
0
0
0
0
0
3
1
0
0
1
0
-5
-1
0
0
0
0
0
0
-1
0
0
0
0
0
0
-1
0
0
0
0
0
0
-1
0
0
0
0
0
0
-1
0
0
0
0
0
0
-1
0
0
0
0
0
0
-1
0
0
0
0
0
0
-1
0
0
0
0
0
0
-1
0
0
0
0
0
0
30
6
11
245
140
24
4
11
140
7
80
0
0
0
0
0
0
0
1
0
1
0
0
10
0
0.5
0
0
0
0
0
1
1
1
3
1
0
40
1
1
1
4
1
0
50
2
0.5
0
2
1
0
15
2
0.5
0
0
0
0
0
3
1
0
0
0
0
0
3
1
0
1
0
0
10
4
0.5
0
4
0
0
40
4
0.5
0
1
1
0
5
5
0
0
0
0
0
0
5
0.5
0
0
1
0
-5
-1
0
0
0
0
0
0
-1
0
0
0
0
0
0
-1
0
0
0
0
0
0
-1
0
0
0
0
0
0
31
7
14
180
60
20
4
9
80
4
30
0
0
0
0
0
0
0
1
0
1
0
0
10
0
1
0
1
0
0
10
1
1
2
4
0
0
70
1
1
0
3
2
0
20
2
1
0
1
0
0
10
2
1
0
0
0
0
0
3
1
0
1
0
0
10
3
1
0
0
0
0
0
-1
0
0
0
0
0
0
-1
0
0
0
0
0
0
-1
0
0
0
0
0
0
-1
0
0
0
0
0
0
-1
0
0
0
0
0
0
-1
0
0
0
0
0
0
-1
0
0
0
0
0
0
-1
0
0
0
0
0
0
32
7
11
160
205
22
5
8
80
8
135
0
0
0
0
0
0
0
1
0
2
0
0
20
0
0.545455
0
0
1
0
-5
1
1
1
5
1
0
60
1
1
0
1
0
0
10
2
1
0
0
0
0
0
2
0.454545
0
0
0
0
0
3
1
0
0
0
0
0
3
1
0
3
1
0
25
-1
0
0
0
0
0
0
4
0.454545
1
1
1
0
20
-1
0
0
0
0
0
0
5
0.545455
0
2
0
0
20
-1
0
0
0
0
0
0
-1
0
0
0
0
0
0
-1
0
0
0
0
0
0
-1
0
0
0
0
0
0
33
10
14
240
105
24
5
12
110
4
80
0
0
0
0
0
0
0
1
0
0
0
0
0
0
1
1
0
2
0
5
1
1
2
10
0
0
130
1
1
1
0
3
0
0
-1
0
0
0
0
0
0
2
1
0
0
0
0
0
-1
0
0
0
0
0
0
3
1
0
2
0
0
20
-1
0
0
0
0
0
0
-1
0
0
0
0
0
0
-1
0
0
0
0
0
0
-1
0
0
0
0
0
0
-1
0
0
0
0
0
0
-1
0
0
0
0
0
0
-1
0
0
0
0
0
0
-1
0
0
0
0
0
0
34
15
6
520
60
21
5
15
335
3
30
0
0
0
0
0
0
0
1
4
7
0
0
130
0
0.52381
0
0
0
0
0
1
1
3
1
0
0
55
1
1
1
2
0
0
35
2
1
0
0
0
0
0
2
0.47619
0
0
0
0
0
3
1
0
0
0
0
0
3
1
0
0
0
0
0
-1
0
0
0
0
0
0
4
1
0
0
1
0
-5
-1
0
0
0
0
0
0
5
0
0
0
0
0
0
-1
0
0
0
0
0
0
-1
0
0
0
0
0
0
-1
0
0
0
0
0
0
-1
0
0
0
0
0
0
35
2
1
260
185
20
5
10
150
6
110
0
0
0
0
0
0
0
1
1
1
0
0
25
0
1
0
0
0
0
0
1
1
0
1
1
0
5
1
1
2
3
0
0
60
2
1
0
1
0
0
10
2
1
1
0
0
0
15
3
1
2
4
0
0
70
-1
0
0
0
0
0
0
-1
0
0
0
0
0
0
-1
0
0
0
0
0
0
-1
0
0
0
0
0
0
-1
0
0
0
0
0
0
-1
0
0
0
0
0
0
-1
0
0
0
0
0
0
-1
0
0
0
0
0
0
-1
0
0
0
0
0
0
36
8
13
40
385
17
5
2
20
13
240
0
0
0
0
0
0
0
1
0
0
0
0
0
0
1
1
2
2
0
25
1
1
1
1
1
0
20
1
1
2
4
1
0
65
2
1
0
0
0
0
0
2
1
1
1
0
0
25
-1
0
0
0
0
0
0
3
1
2
0
0
0
30
-1
0
0
0
0
0
0
-1
0
0
0
0
0
0
-1
0
0
0
0
0
0
-1
0
0
0
0
0
0
-1
0
0
0
0
0
0
-1
0
0
0
0
0
0
-1
0
0
0
0
0
0
-1
0
0
0
0
0
0
37
4
0
340
170
18
5
9
225
6
110
0
0
0
0
0
0
0
1
6
2
1
0
105
0
0
0
0
0
0
0
1
1
1
0
0
0
15
1
1
0
1
0
0
10
2
1
0
0
1
0
-5
2
1
0
1
0
0
10
-1
0
0
0
0
0
0
3
1
0
4
0
0
40
-1
0
0
0
0
0
0
4
1
0
0
0
0
0
-1
0
0
0
0
0
0
-1
0
0
0
0
0
0
-1
0
0
0
0
0
0
-1
0
0
0
0
0
0
-1
0
0
0
0
0
0
-1
0
0
0
0
0
0
38
16
9
20
295
17
5
1
10
13
170
0
0
0
0
0
0
0
1
0
1
0
0
10
0
1
0
3
0
0
30
1
1
0
0
0
0
0
1
1
0
3
1
0
25
2
1
0
0
0
0
0
2
1
0
5
0
0
50
3
1
0
0
0
0
0
3
1
0
2
0
0
20
-1
0
0
0
0
0
0
-1
0
0
0
0
0
0
-1
0
0
0
0
0
0
-1
0
0
0
0
0
0
-1
0
0
0
0
0
0
-1
0
0
0
0
0
0
-1
0
0
0
0
0
0
-1
0
0
0
0
0
0
39
5
3
35
270
21
5
4
0
11
190
0
0
0
0
0
0
0
0.571429
0
1
0
0
10
0
1
0
3
3
0
15
1
1
0
1
0
0
10
1
1
0
3
1
0
25
2
0.428571
0
0
0
0
0
2
1
0
1
0
0
10
3
1
1
0
0
0
15
3
1
0
4
2
0
30
4
1
0
1
2
0
0
-1
0
0
0
0
0
0
-1
0
0
0
0
0
0
-1
0
0
0
0
0
0
-1
0
0
0
0
0
0
-1
0
0
0
0
0
0
-1
0
0
0
0
0
0
-1
0
0
0
0
0
0
40
4
10
170
240
16
6
6
110
9
140
0
0
0
0
0
0
0
1
1
2
2
0
25
0
1
0
1
0
0
10
1
1
1
1
0
0
25
1
1
2
6
0
0
90
2
1
0
1
0
0
10
-1
0
0
0
0
0
0
-1
0
0
0
0
0
0
-1
0
0
0
0
0
0
-1
0
0
0
0
0
0
-1
0
0
0
0
0
0
-1
0
0
0
0
0
0
-1
0
0
0
0
0
0
-1
0
0
0
0
0
0
-1
0
0
0
0
0
0
-1
0
0
0
0
0
0
-1
0
0
0
0
0
0
41
11
12
45
355
19
6
3
30
12
230
0
0
0
0
0
0
0
1
0
0
0
0
0
0
1
1
2
0
0
35
1
1
1
1
2
0
15
1
0
0
0
0
0
0
2
0
0
0
0
0
0
2
1
1
0
0
0
15
3
1
0
0
0
0
0
3
1
0
5
1
0
45
4
1
0
1
2
0
0
4
1
0
3
0
0
30
5
0
0
0
0
0
0
-1
0
0
0
0
0
0
-1
0
0
0
0
0
0
-1
0
0
0
0
0
0
-1
0
0
0
0
0
0
-1
0
0
0
0
0
0
42
3
9
380
155
21
6
13
240
7
80
0
0
0
0
0
0
0
1
2
2
1
0
45
0
1
0
0
0
0
0
1
1
1
6
0
0
75
1
1
1
2
0
0
35
2
1
0
0
0
0
0
2
1
1
3
1
0
40
3
1
0
2
0
0
20
3
1
0
0
0
0
0
-1
0
0
0
0
0
0
-1
0
0
0
0
0
0
-1
0
0
0
0
0
0
-1
0
0
0
0
0
0
-1
0
0
0
0
0
0
-1
0
0
0
0
0
0
-1
0
0
0
0
0
0
-1
0
0
0
0
0
0
43
2
6
275
90
18
6
11
160
4
50
0
0
0
0
0
0
0
1
1
2
0
0
35
0
0
0
0
0
0
0
1
1
1
2
1
0
30
1
1
0
1
0
0
10
2
1
1
2
0
0
35
2
1
0
1
0
0
10
3
1
0
2
1
0
15
3
1
0
0
0
0
0
-1
0
0
0
0
0
0
4
1
0
2
0
0
20
-1
0
0
0
0
0
0
5
0
0
0
0
0
0
-1
0
0
0
0
0
0
-1
0
0
0
0
0
0
-1
0
0
0
0
0
0
-1
0
0
0
0
0
0
44
15
13
185
620
23
6
5
130
17
430
0
0
0
0
0
0
0
1
1
3
0
0
45
0
1
0
1
1
0
5
1
1
1
0
0
0
15
1
1
5
6
1
0
130
2
1
0
0
0
0
0
2
1
1
3
0
0
45
3
1
0
0
1
0
-5
3
1
0
1
0
0
10
-1
0
0
0
0
0
0
-1
0
0
0
0
0
0
-1
0
0
0
0
0
0
-1
0
0
0
0
0
0
-1
0
0
0
0
0
0
-1
0
0
0
0
0
0
-1
0
0
0
0
0
0
-1
0
0
0
0
0
0
45
14
1
130
215
16
6
7
60
8
130
0
0
0
0
0
0
0
1
0
2
0
0
20
0
1
0
5
0
0
50
1
1
0
0
0
0
0
1
1
0
1
0
0
10
2
1
0
2
1
0
15
2
1
2
0
1
0
25
3
1
1
2
0
0
35
-1
0
0
0
0
0
0
-1
0
0
0
0
0
0
-1
0
0
0
0
0
0
-1
0
0
0
0
0
0
-1
0
0
0
0
0
0
-1
0
0
0
0
0
0
-1
0
0
0
0
0
0
-1
0
0
0
0
0
0
-1
0
0
0
0
0
0
46
0
8
230
130
17
6
9
140
6
60
0
0
0
0
0
0
0
0
0
0
0
0
0
0
1
0
2
0
0
20
1
1
0
5
0
0
50
1
1
2
2
0
0
50
2
0
0
0
0
0
0
2
1
0
0
0
0
0
3
1
1
2
0
0
35
-1
0
0
0
0
0
0
4
0
0
0
0
0
0
-1
0
0
0
0
0
0
5
1
0
1
1
0
5
-1
0
0
0
0
0
0
6
1
0
0
0
0
0
-1
0
0
0
0
0
0
-1
0
0
0
0
0
0
-1
0
0
0
0
0
0
47
7
5
235
45
22
7
9
140
3
20
0
0
0
0
0
0
0
0
0
0
0
0
0
0
0.454545
0
1
1
0
5
1
0
0
0
0
0
0
1
1
0
1
0
0
10
2
0
0
0
0
0
0
2
0.545455
0
1
0
0
10
3
0
0
0
0
0
0
3
1
0
0
0
0
0
8
1
0
1
0
0
10
4
1
0
0
0
0
0
5
1
1
6
0
0
75
-1
0
0
0
0
0
0
6
1
0
0
0
0
0
-1
0
0
0
0
0
0
7
1
0
1
0
0
10
-1
0
0
0
0
0
0
48
4
9
450
50
23
7
14
275
3
30
0
0
0
0
0
0
0
1
5
2
1
0
90
0
1
0
0
0
0
0
1
1
2
2
0
0
50
1
1
0
2
2
0
10
2
1
1
2
0
0
35
2
1
0
1
0
0
10
-1
0
0
0
0
0
0
3
1
0
0
0
0
0
-1
0
0
0
0
0
0
-1
0
0
0
0
0
0
-1
0
0
0
0
0
0
-1
0
0
0
0
0
0
-1
0
0
0
0
0
0
-1
0
0
0
0
0
0
-1
0
0
0
0
0
0
-1
0
0
0
0
0
0
49
3
15
120
375
19
7
5
70
12
240
0
0
0
0
0
0
0
1
1
1
2
0
15
0
1
2
6
0
0
90
1
1
1
1
0
0
25
1
1
1
2
0
0
35
2
1
0
0
0
0
0
2
1
0
0
0
0
0
3
1
0
1
0
0
10
3
1
0
1
0
0
10
-1
0
0
0
0
0
0
-1
0
0
0
0
0
0
-1
0
0
0
0
0
0
-1
0
0
0
0
0
0
-1
0
0
0
0
0
0
-1
0
0
0
0
0
0
-1
0
0
0
0
0
0
-1
0
0
0
0
0
0
50
2
8
400
45
22
7
14
240
2
30
0
0
0
0
0
0
0
1
1
1
0
0
25
0
1
0
0
0
0
0
1
1
3
2
1
0
60
1
1
0
1
1
0
5
2
1
1
2
1
0
30
2
1
0
1
0
0
10
3
1
1
3
0
0
45
-1
0
0
0
0
0
0
-1
0
0
0
0
0
0
-1
0
0
0
0
0
0
-1
0
0
0
0
0
0
-1
0
0
0
0
0
0
-1
0
0
0
0
0
0
-1
0
0
0
0
0
0
-1
0
0
0
0
0
0
-1
0
0
0
0
0
0
51
11
0
155
130
17
7
7
90
6
60
0
0
0
0
0
0
0
1
1
2
0
0
35
0
0
0
0
0
0
0
1
1
0
1
0
0
10
1
1
2
3
0
0
60
2
0
0
0
0
0
0
2
0
0
0
0
0
0
3
1
0
0
1
0
-5
3
1
0
0
0
0
0
4
0
0
0
0
0
0
4
0
0
0
0
0
0
5
1
0
3
1
0
25
5
1
0
0
0
0
0
-1
0
0
0
0
0
0
6
1
0
1
0
0
10
-1
0
0
0
0
0
0
-1
0
0
0
0
0
0
52
10
13
250
385
24
7
8
160
12
260
0
0
0
0
0
0
0
1
0
0
0
0
0
0
1
0
5
0
0
50
1
1
4
4
2
0
90
1
1
2
3
2
0
50
-1
0
0
0
0
0
0
2
1
1
0
1
0
10
-1
0
0
0
0
0
0
3
1
1
0
0
0
15
-1
0
0
0
0
0
0
-1
0
0
0
0
0
0
-1
0
0
0
0
0
0
-1
0
0
0
0
0
0
-1
0
0
0
0
0
0
-1
0
0
0
0
0
0
-1
0
0
0
0
0
0
-1
0
0
0
0
0
0
53
6
12
80
310
18
7
5
45
10
205
0
0
0
0
0
0
0
1
0
1
0
0
10
0
1
1
1
0
0
25
1
1
0
0
1
0
-5
1
1
1
0
0
0
15
2
1
0
1
1
0
5
2
0.444444
0
0
0
0
0
3
0
0
0
0
0
0
3
0.555556
0
1
1
0
5
4
1
0
3
1
0
25
4
1
0
6
0
0
60
5
0
0
0
0
0
0
-1
0
0
0
0
0
0
-1
0
0
0
0
0
0
-1
0
0
0
0
0
0
-1
0
0
0
0
0
0
-1
0
0
0
0
0
0
54
1
14
220
165
22
7
7
140
7
80
0
0
0
0
0
0
0
1
0
2
0
0
20
0
1
3
0
0
0
45
1
1
1
2
0
0
35
1
1
0
1
0
0
10
2
1
1
1
0
0
25
2
1
0
1
0
0
10
-1
0
0
0
0
0
0
3
1
0
2
0
0
20
-1
0
0
0
0
0
0
-1
0
0
0
0
0
0
-1
0
0
0
0
0
0
-1
0
0
0
0
0
0
-1
0
0
0
0
0
0
-1
0
0
0
0
0
0
-1
0
0
0
0
0
0
-1
0
0
0
0
0
0
55
2
12
250
190
21
8
10
150
7
120
0
0
0
0
0
0
0
1
1
2
0
0
35
0
1
1
2
0
0
35
1
1
0
2
1
0
15
1
1
0
1
0
0
10
2
1
1
2
0
0
35
2
1
0
1
0
0
10
3
1
0
2
1
0
15
3
0
0
0
0
0
0
-1
0
0
0
0
0
0
4
1
0
2
1
0
15
-1
0
0
0
0
0
0
-1
0
0
0
0
0
0
-1
0
0
0
0
0
0
-1
0
0
0
0
0
0
-1
0
0
0
0
0
0
-1
0
0
0
0
0
0
56
6
0
125
250
16
8
4
90
16
55
0
0
0
0
0
0
0
1
0
0
0
0
0
0
0
0
0
0
0
0
1
1
0
3
0
0
30
1
1
3
4
0
0
85
2
0
0
0
0
0
0
2
0
0
0
0
0
0
3
1
0
0
0
0
0
3
1
1
1
0
0
25
4
1
0
1
1
0
5
4
0
0
0
0
0
0
5
0
0
0
0
0
0
5
1
3
4
0
0
85
-1
0
0
0
0
0
0
6
1
0
0
0
0
0
-1
0
0
0
0
0
0
-1
0
0
0
0
0
0
57
15
9
390
145
22
8
11
290
6
80
0
0
0
0
0
0
0
1
2
6
4
0
70
0
1
0
0
0
0
0
1
1
1
2
0
0
35
1
1
1
1
0
0
25
2
1
0
0
1
0
-5
2
1
0
2
0
0
20
3
1
0
0
0
0
0
3
1
0
2
0
0
20
-1
0
0
0
0
0
0
-1
0
0
0
0
0
0
-1
0
0
0
0
0
0
-1
0
0
0
0
0
0
-1
0
0
0
0
0
0
-1
0
0
0
0
0
0
-1
0
0
0
0
0
0
-1
0
0
0
0
0
0
58
3
10
390
30
21
8
14
250
2
20
0
0
0
0
0
0
0
1
0
2
0
0
20
0
1
0
0
0
0
0
1
1
1
6
0
0
75
1
1
2
0
4
0
10
2
1
0
1
0
0
10
-1
0
0
0
0
0
0
3
1
0
4
1
0
35
-1
0
0
0
0
0
0
-1
0
0
0
0
0
0
-1
0
0
0
0
0
0
-1
0
0
0
0
0
0
-1
0
0
0
0
0
0
-1
0
0
0
0
0
0
-1
0
0
0
0
0
0
-1
0
0
0
0
0
0
-1
0
0
0
0
0
0
59
4
13
210
410
24
8
6
150
15
220
0
0
0
0
0
0
0
1
2
4
2
0
60
0
1
1
2
1
0
30
1
1
0
0
0
0
0
1
1
10
2
2
0
160
2
1
0
0
0
0
0
2
1
0
0
0
0
0
-1
0
0
0
0
0
0
3
1
0
0
0
0
0
-1
0
0
0
0
0
0
-1
0
0
0
0
0
0
-1
0
0
0
0
0
0
-1
0
0
0
0
0
0
-1
0
0
0
0
0
0
-1
0
0
0
0
0
0
-1
0
0
0
0
0
0
-1
0
0
0
0
0
0
60
1
7
125
210
22
8
6
60
8
130
0
0
0
0
0
0
0
1
1
0
0
0
15
0
0
0
0
0
0
0
1
1
0
4
1
0
35
1
0
0
0
0
0
0
2
1
1
0
0
0
15
2
0
0
0
0
0
0
-1
0
0
0
0
0
0
3
0
0
0
0
0
0
-1
0
0
0
0
0
0
8
1
2
2
0
0
50
-1
0
0
0
0
0
0
5
1
0
4
2
0
30
-1
0
0
0
0
0
0
6
1
0
0
0
0
0
-1
0
0
0
0
0
0
7
1
0
0
0
0
0
61
8
11
100
135
18
8
4
60
7
70
0
0
0
0
0
0
0
1
0
0
1
0
-5
0
1
0
0
0
0
0
1
1
0
2
0
0
20
1
0
0
0
0
0
0
2
1
1
1
0
0
25
2
1
0
0
0
0
0
-1
0
0
0
0
0
0
3
1
0
4
0
0
40
-1
0
0
0
0
0
0
4
0
0
0
0
0
0
-1
0
0
0
0
0
0
5
1
0
3
1
0
25
-1
0
0
0
0
0
0
-1
0
0
0
0
0
0
-1
0
0
0
0
0
0
-1
0
0
0
0
0
0
62
14
5
235
50
21
8
10
130
3
20
0
0
0
0
0
0
0
1
2
2
1
0
45
0
0
0
0
0
0
0
1
1
2
3
2
0
50
1
1
0
0
1
0
-5
2
1
0
1
0
0
10
2
1
0
1
0
0
10
3
1
0
0
0
0
0
3
1
1
0
1
0
10
-1
0
0
0
0
0
0
4
1
1
0
0
0
15
-1
0
0
0
0
0
0
-1
0
0
0
0
0
0
-1
0
0
0
0
0
0
-1
0
0
0
0
0
0
-1
0
0
0
0
0
0
-1
0
0
0
0
0
0
63
5
14
30
155
19
9
3
0
8
70
0
0
0
0
0
0
0
0
0
0
0
0
0
0
1
1
1
1
0
20
1
1
0
1
0
0
10
1
1
1
3
1
0
40
2
1
0
2
0
0
20
2
1
0
1
0
0
10
3
1
0
0
0
0
0
3
1
1
0
0
0
15
4
0
0
0
0
0
0
-1
0
0
0
0
0
0
-1
0
0
0
0
0
0
-1
0
0
0
0
0
0
-1
0
0
0
0
0
0
-1
0
0
0
0
0
0
-1
0
0
0
0
0
0
-1
0
0
0
0
0
0
64
1
7
125
135
16
9
7
60
7
60
0
0
0
0
0
0
0
1
0
0
0
0
0
0
0
0
0
0
0
0
1
1
1
2
0
0
35
1
0
0
0
0
0
0
2
1
0
4
2
0
30
2
0
0
0
0
0
0
-1
0
0
0
0
0
0
3
0
0
0
0
0
0
-1
0
0
0
0
0
0
8
1
0
1
0
0
10
-1
0
0
0
0
0
0
5
1
1
5
0
0
65
-1
0
0
0
0
0
0
6
1
0
0
0
0
0
-1
0
0
0
0
0
0
7
1
0
0
0
0
0
65
6
8
130
145
19
9
8
50
7
80
0
0
0
0
0
0
0
1
0
6
0
0
60
0
1
0
0
1
0
-5
1
1
0
1
0
0
10
1
1
1
6
0
0
75
2
0
0
0
0
0
0
2
1
0
0
1
0
-5
3
1
0
1
0
0
10
-1
0
0
0
0
0
0
4
1
0
0
0
0
0
-1
0
0
0
0
0
0
5
0
0
0
0
0
0
-1
0
0
0
0
0
0
-1
0
0
0
0
0
0
-1
0
0
0
0
0
0
-1
0
0
0
0
0
0
-1
0
0
0
0
0
0
66
2
11
250
60
20
9
11
140
4
30
0
0
0
0
0
0
0
1
2
3
1
0
55
0
1
0
1
0
0
10
1
1
0
1
1
0
5
1
0
0
0
0
0
0
2
1
0
4
0
0
40
2
1
0
0
0
0
0
3
1
0
1
0
0
10
3
1
0
1
1
0
5
-1
0
0
0
0
0
0
4
0
0
0
0
0
0
-1
0
0
0
0
0
0
5
1
1
1
2
0
15
-1
0
0
0
0
0
0
-1
0
0
0
0
0
0
-1
0
0
0
0
0
0
-1
0
0
0
0
0
0
67
10
9
270
100
22
9
11
170
6
50
0
0
0
0
0
0
0
1
0
0
0
0
0
0
1
0
1
1
0
5
1
1
1
10
3
0
100
1
1
0
0
0
0
0
-1
0
0
0
0
0
0
2
1
0
4
1
0
35
-1
0
0
0
0
0
0
3
1
0
1
0
0
10
-1
0
0
0
0
0
0
-1
0
0
0
0
0
0
-1
0
0
0
0
0
0
-1
0
0
0
0
0
0
-1
0
0
0
0
0
0
-1
0
0
0
0
0
0
-1
0
0
0
0
0
0
-1
0
0
0
0
0
0
68
0
12
155
180
23
0
8
50
8
80
1
0
2
0
0
0
0
0
0
0
0
0
0
0
1
1
0
2
0
5
1
1
2
2
1
0
45
1
1
0
1
0
0
10
2
0
0
0
0
0
0
2
1
1
1
0
0
25
3
1
4
0
0
0
60
3
0
0
0
0
0
0
4
0
0
0
0
0
0
4
1
1
5
1
0
60
5
1
0
0
0
0
0
-1
0
0
0
0
0
0
6
1
0
0
0
0
0
-1
0
0
0
0
0
0
-1
0
0
0
0
0
0
-1
0
0
0
0
0
0
69
3
13
60
615
24
9
3
30
19
410
0
0
0
0
0
0
0
1
0
0
1
0
-5
0
1
3
1
0
0
55
1
1
2
1
1
0
35
1
1
2
11
1
0
135
2
1
0
0
0
0
0
2
1
0
2
1
0
15
3
1
0
0
0
0
0
3
1
0
0
0
0
0
-1
0
0
0
0
0
0
-1
0
0
0
0
0
0
-1
0
0
0
0
0
0
-1
0
0
0
0
0
0
-1
0
0
0
0
0
0
-1
0
0
0
0
0
0
-1
0
0
0
0
0
0
-1
0
0
0
0
0
0
70
4
15
175
325
18
9
6
100
11
200
0
0
0
0
0
0
0
1
2
2
0
0
50
0
1
2
5
0
0
80
1
1
0
0
0
0
0
1
1
1
3
0
0
45
2
1
1
1
0
0
25
2
1
0
0
0
0
0
-1
0
0
0
0
0
0
3
1
0
0
0
0
0
-1
0
0
0
0
0
0
-1
0
0
0
0
0
0
-1
0
0
0
0
0
0
-1
0
0
0
0
0
0
-1
0
0
0
0
0
0
-1
0
0
0
0
0
0
-1
0
0
0
0
0
0
-1
0
0
0
0
0
0
1
1
3
0
1
2
254
1
1
1
1
1
1
1
0
1
1
2016 NAQT HS COLORADO STATE CHAMPIONSHIP




1
_rounds.html
_standings.html
_individuals.html
_games.html
_teamdetail.html
_playerdetail.html
_statkey.html

3
Top Group
Middle Group
Bottom Group
17
1
2
1
0
0
2
1
2
1
0
0
1
1
0
2
0
2
15
10
-5
0
0
17
0
0
0
0
0
0
0
0
0
0
0
0
0
0
0
0
0
