4
4
New Mexico State
Ben 
Jing
Brittany
4
Colorado A
Corwin
Kevin
Piper
4
Colorado B
Rohan
Elysia
Jason
6
Denver
Maddie
McKenzie
Brian
Ryan
Sierra
18
0
0
2
220
125
18
1
8
140
6
70
0
0
0
0
0
0
0
1
0
7
0
0
70
0
1
0
2
0
0
20
1
1
0
1
0
0
10
1
1
0
1
0
0
10
2
1
0
0
0
0
0
2
1
0
3
1
0
25
-1
0
0
0
0
0
0
-1
0
0
0
0
0
0
-1
0
0
0
0
0
0
-1
0
0
0
0
0
0
-1
0
0
0
0
0
0
-1
0
0
0
0
0
0
-1
0
0
0
0
0
0
-1
0
0
0
0
0
0
-1
0
0
0
0
0
0
-1
0
0
0
0
0
0
1
1
3
100
110
21
1
7
40
4
80
0
0
0
0
0
0
0
1
0
2
1
0
15
0
1
0
0
2
0
-10
1
1
1
1
2
0
15
1
1
0
0
0
0
0
2
1
0
3
0
0
30
2
1
0
3
0
0
30
-1
0
0
0
0
0
0
3
1
0
1
0
0
10
-1
0
0
0
0
0
0
4
0
0
0
0
0
0
-1
0
0
0
0
0
0
-1
0
0
0
0
0
0
-1
0
0
0
0
0
0
-1
0
0
0
0
0
0
-1
0
0
0
0
0
0
-1
0
0
0
0
0
0
2
3
2
130
120
19
2
6
70
6
80
0
0
0
0
0
0
0
1
0
2
0
0
20
0
1
0
1
3
0
-5
1
0
0
0
0
0
0
1
1
1
1
0
0
25
2
1
0
2
0
0
20
2
1
0
3
2
0
20
3
1
0
2
0
0
20
-1
0
0
0
0
0
0
4
1
0
0
0
0
0
-1
0
0
0
0
0
0
-1
0
0
0
0
0
0
-1
0
0
0
0
0
0
-1
0
0
0
0
0
0
-1
0
0
0
0
0
0
-1
0
0
0
0
0
0
-1
0
0
0
0
0
0
3
1
0
95
260
20
2
5
60
10
150
0
0
0
0
0
0
0
1
0
1
1
0
5
0
1
1
5
0
0
65
1
1
0
3
1
0
25
1
1
0
1
0
0
10
2
1
0
1
1
0
5
2
1
1
2
0
0
35
-1
0
0
0
0
0
0
-1
0
0
0
0
0
0
-1
0
0
0
0
0
0
-1
0
0
0
0
0
0
-1
0
0
0
0
0
0
-1
0
0
0
0
0
0
-1
0
0
0
0
0
0
-1
0
0
0
0
0
0
-1
0
0
0
0
0
0
-1
0
0
0
0
0
0
4
1
2
135
125
22
3
7
40
6
60
1
2
1
0
0
0
0
1
0
2
0
0
20
0
1
0
2
0
0
20
1
1
1
3
0
0
45
1
1
0
2
0
0
20
2
1
0
3
0
0
30
2
1
0
3
1
0
25
-1
0
0
0
0
0
0
-1
0
0
0
0
0
0
-1
0
0
0
0
0
0
-1
0
0
0
0
0
0
-1
0
0
0
0
0
0
-1
0
0
0
0
0
0
-1
0
0
0
0
0
0
-1
0
0
0
0
0
0
-1
0
0
0
0
0
0
-1
0
0
0
0
0
0
5
3
0
115
255
21
3
6
60
10
150
0
0
0
0
0
0
0
1
0
1
0
0
10
0
1
0
7
0
0
70
1
0
0
0
0
0
0
1
1
1
0
0
0
15
2
1
0
1
0
0
10
2
1
0
2
0
0
20
3
1
0
4
1
0
35
-1
0
0
0
0
0
0
4
1
0
0
0
0
0
-1
0
0
0
0
0
0
-1
0
0
0
0
0
0
-1
0
0
0
0
0
0
-1
0
0
0
0
0
0
-1
0
0
0
0
0
0
-1
0
0
0
0
0
0
-1
0
0
0
0
0
0
6
1
3
135
140
22
4
7
70
6
80
1
0
1
0
0
0
0
1
0
4
2
0
30
0
1
0
0
0
0
0
1
1
0
1
0
0
10
1
1
0
1
1
0
5
2
1
1
1
0
0
25
2
0.5
0
2
1
0
15
-1
0
0
0
0
0
0
3
1
0
4
0
0
40
-1
0
0
0
0
0
0
4
0.5
0
0
0
0
0
-1
0
0
0
0
0
0
-1
0
0
0
0
0
0
-1
0
0
0
0
0
0
-1
0
0
0
0
0
0
-1
0
0
0
0
0
0
-1
0
0
0
0
0
0
7
2
0
90
220
17
4
5
60
10
120
0
0
0
0
0
0
0
1
0
1
2
0
0
0
1
1
7
1
0
80
1
1
0
1
1
0
5
1
1
0
2
0
0
20
2
1
0
3
1
0
25
2
1
0
0
0
0
0
-1
0
0
0
0
0
0
-1
0
0
0
0
0
0
-1
0
0
0
0
0
0
-1
0
0
0
0
0
0
-1
0
0
0
0
0
0
-1
0
0
0
0
0
0
-1
0
0
0
0
0
0
-1
0
0
0
0
0
0
-1
0
0
0
0
0
0
-1
0
0
0
0
0
0
8
1
0
130
180
18
5
8
50
8
100
0
0
0
0
0
0
0
1
1
3
0
0
45
0
1
1
4
2
0
45
1
1
0
1
2
0
0
1
1
1
1
0
0
25
2
1
1
2
0
0
35
2
1
0
1
0
0
10
-1
0
0
0
0
0
0
-1
0
0
0
0
0
0
-1
0
0
0
0
0
0
-1
0
0
0
0
0
0
-1
0
0
0
0
0
0
-1
0
0
0
0
0
0
-1
0
0
0
0
0
0
-1
0
0
0
0
0
0
-1
0
0
0
0
0
0
-1
0
0
0
0
0
0
9
2
3
170
85
17
0
8
100
5
30
0
0
0
0
0
0
0
1
0
6
0
0
60
0
1
0
1
0
0
10
1
1
0
0
1
0
-5
1
1
0
0
0
0
0
2
1
0
2
1
0
15
2
1
0
3
0
0
30
-1
0
0
0
0
0
0
3
0.5
1
0
0
0
15
-1
0
0
0
0
0
0
4
0.5
0
0
0
0
0
-1
0
0
0
0
0
0
-1
0
0
0
0
0
0
-1
0
0
0
0
0
0
-1
0
0
0
0
0
0
-1
0
0
0
0
0
0
-1
0
0
0
0
0
0
10
1
2
95
185
19
6
5
50
8
120
0
0
0
0
0
0
0
1
0
0
1
0
-5
0
1
0
1
2
0
0
1
1
0
3
0
0
30
1
1
0
3
0
0
30
2
1
1
1
1
0
20
2
1
0
4
1
0
35
-1
0
0
0
0
0
0
-1
0
0
0
0
0
0
-1
0
0
0
0
0
0
-1
0
0
0
0
0
0
-1
0
0
0
0
0
0
-1
0
0
0
0
0
0
-1
0
0
0
0
0
0
-1
0
0
0
0
0
0
-1
0
0
0
0
0
0
-1
0
0
0
0
0
0
11
3
0
85
240
17
6
4
50
11
120
0
0
0
0
0
0
0
1
0
0
1
0
-5
0
1
2
5
0
0
80
1
1
0
0
0
0
0
1
1
0
2
0
0
20
2
1
0
2
0
0
20
2
1
0
2
0
0
20
3
1
0
2
0
0
20
-1
0
0
0
0
0
0
4
0
0
0
0
0
0
-1
0
0
0
0
0
0
-1
0
0
0
0
0
0
-1
0
0
0
0
0
0
-1
0
0
0
0
0
0
-1
0
0
0
0
0
0
-1
0
0
0
0
0
0
-1
0
0
0
0
0
0
12
0
2
215
95
17
7
9
120
6
40
0
0
0
0
0
0
0
1
1
8
0
0
95
0
1
1
2
0
0
35
1
1
0
0
0
0
0
1
1
0
1
1
0
5
2
1
0
0
0
0
0
2
1
0
2
1
0
15
-1
0
0
0
0
0
0
-1
0
0
0
0
0
0
-1
0
0
0
0
0
0
-1
0
0
0
0
0
0
-1
0
0
0
0
0
0
-1
0
0
0
0
0
0
-1
0
0
0
0
0
0
-1
0
0
0
0
0
0
-1
0
0
0
0
0
0
-1
0
0
0
0
0
0
13
1
3
230
90
20
7
11
120
5
40
0
0
0
0
0
0
0
1
0
5
0
0
50
0
1
0
2
0
0
20
1
1
1
2
1
0
30
1
1
0
0
0
0
0
2
1
0
3
0
0
30
2
1
1
2
1
0
30
-1
0
0
0
0
0
0
3
0
0
0
0
0
0
-1
0
0
0
0
0
0
4
1
0
0
0
0
0
-1
0
0
0
0
0
0
-1
0
0
0
0
0
0
-1
0
0
0
0
0
0
-1
0
0
0
0
0
0
-1
0
0
0
0
0
0
-1
0
0
0
0
0
0
14
0
1
165
135
19
8
7
90
7
70
0
0
0
0
0
0
0
1
2
3
1
0
55
0
1
0
1
0
0
10
1
1
0
1
0
0
10
1
1
0
2
1
0
15
2
1
0
1
0
0
10
2
1
0
4
0
0
40
-1
0
0
0
0
0
0
-1
0
0
0
0
0
0
-1
0
0
0
0
0
0
-1
0
0
0
0
0
0
-1
0
0
0
0
0
0
-1
0
0
0
0
0
0
-1
0
0
0
0
0
0
-1
0
0
0
0
0
0
-1
0
0
0
0
0
0
-1
0
0
0
0
0
0
15
2
3
185
125
19
8
9
110
6
70
0
0
0
0
0
0
0
1
0
2
1
0
15
0
0.5
0
2
0
0
20
1
1
0
2
0
0
20
1
1
0
0
0
0
0
2
1
0
5
2
0
40
2
1
0
3
1
0
25
-1
0
0
0
0
0
0
3
0.5
0
1
0
0
10
-1
0
0
0
0
0
0
4
1
0
0
0
0
0
-1
0
0
0
0
0
0
-1
0
0
0
0
0
0
-1
0
0
0
0
0
0
-1
0
0
0
0
0
0
-1
0
0
0
0
0
0
-1
0
0
0
0
0
0
16
0
3
275
190
19
9
10
170
8
100
0
0
0
0
0
0
0
1
1
6
1
0
70
0
1
1
0
0
0
15
1
1
1
1
0
0
25
1
0
0
0
0
0
0
2
1
0
1
0
0
10
2
1
2
0
1
0
25
-1
0
0
0
0
0
0
3
1
0
4
0
0
40
-1
0
0
0
0
0
0
4
1
0
1
0
0
10
-1
0
0
0
0
0
0
-1
0
0
0
0
0
0
-1
0
0
0
0
0
0
-1
0
0
0
0
0
0
-1
0
0
0
0
0
0
-1
0
0
0
0
0
0
17
2
1
80
255
20
9
5
50
9
160
0
0
0
0
0
0
0
1
0
4
0
0
40
0
1
2
3
1
0
55
1
1
0
0
0
0
0
1
1
1
2
0
0
35
2
1
0
1
4
0
-10
2
1
0
1
1
0
5
-1
0
0
0
0
0
0
-1
0
0
0
0
0
0
-1
0
0
0
0
0
0
-1
0
0
0
0
0
0
-1
0
0
0
0
0
0
-1
0
0
0
0
0
0
-1
0
0
0
0
0
0
-1
0
0
0
0
0
0
-1
0
0
0
0
0
0
-1
0
0
0
0
0
0
1
1
3
0
1
2
254
0
1
1
1
1
1
0
0
0
2





1
_rounds.html
_standings.html
_individuals.html
_games.html
_teamdetail.html
_playerdetail.html
_statkey.html

0
4
-1
-1
-1
-1
15
10
-5
0
0
4
0
0
0
0
